{
 "cells": [
  {
   "cell_type": "markdown",
   "metadata": {},
   "source": [
    "### Task"
   ]
  },
  {
   "cell_type": "markdown",
   "metadata": {},
   "source": [
    "### Create a DataFrame, save it as a Csv File, set one of the column as index \n",
    "\n"
   ]
  },
  {
   "cell_type": "code",
   "execution_count": 1,
   "metadata": {},
   "outputs": [
    {
     "data": {
      "text/html": [
       "<div>\n",
       "<style scoped>\n",
       "    .dataframe tbody tr th:only-of-type {\n",
       "        vertical-align: middle;\n",
       "    }\n",
       "\n",
       "    .dataframe tbody tr th {\n",
       "        vertical-align: top;\n",
       "    }\n",
       "\n",
       "    .dataframe thead th {\n",
       "        text-align: right;\n",
       "    }\n",
       "</style>\n",
       "<table border=\"1\" class=\"dataframe\">\n",
       "  <thead>\n",
       "    <tr style=\"text-align: right;\">\n",
       "      <th></th>\n",
       "      <th>Area</th>\n",
       "      <th>Price</th>\n",
       "      <th>Rooms</th>\n",
       "      <th>Windows</th>\n",
       "    </tr>\n",
       "  </thead>\n",
       "  <tbody>\n",
       "    <tr>\n",
       "      <th>0</th>\n",
       "      <td>2295</td>\n",
       "      <td>543090</td>\n",
       "      <td>13</td>\n",
       "      <td>38</td>\n",
       "    </tr>\n",
       "    <tr>\n",
       "      <th>1</th>\n",
       "      <td>3548</td>\n",
       "      <td>871291</td>\n",
       "      <td>11</td>\n",
       "      <td>22</td>\n",
       "    </tr>\n",
       "    <tr>\n",
       "      <th>2</th>\n",
       "      <td>4766</td>\n",
       "      <td>569185</td>\n",
       "      <td>11</td>\n",
       "      <td>34</td>\n",
       "    </tr>\n",
       "    <tr>\n",
       "      <th>3</th>\n",
       "      <td>4440</td>\n",
       "      <td>687177</td>\n",
       "      <td>16</td>\n",
       "      <td>39</td>\n",
       "    </tr>\n",
       "    <tr>\n",
       "      <th>4</th>\n",
       "      <td>4611</td>\n",
       "      <td>717930</td>\n",
       "      <td>11</td>\n",
       "      <td>24</td>\n",
       "    </tr>\n",
       "    <tr>\n",
       "      <th>5</th>\n",
       "      <td>3233</td>\n",
       "      <td>841766</td>\n",
       "      <td>14</td>\n",
       "      <td>20</td>\n",
       "    </tr>\n",
       "    <tr>\n",
       "      <th>6</th>\n",
       "      <td>2542</td>\n",
       "      <td>714178</td>\n",
       "      <td>14</td>\n",
       "      <td>29</td>\n",
       "    </tr>\n",
       "    <tr>\n",
       "      <th>7</th>\n",
       "      <td>2011</td>\n",
       "      <td>646889</td>\n",
       "      <td>17</td>\n",
       "      <td>31</td>\n",
       "    </tr>\n",
       "    <tr>\n",
       "      <th>8</th>\n",
       "      <td>2001</td>\n",
       "      <td>502171</td>\n",
       "      <td>18</td>\n",
       "      <td>31</td>\n",
       "    </tr>\n",
       "    <tr>\n",
       "      <th>9</th>\n",
       "      <td>4140</td>\n",
       "      <td>586802</td>\n",
       "      <td>10</td>\n",
       "      <td>38</td>\n",
       "    </tr>\n",
       "    <tr>\n",
       "      <th>10</th>\n",
       "      <td>4624</td>\n",
       "      <td>852620</td>\n",
       "      <td>17</td>\n",
       "      <td>33</td>\n",
       "    </tr>\n",
       "    <tr>\n",
       "      <th>11</th>\n",
       "      <td>2032</td>\n",
       "      <td>249546</td>\n",
       "      <td>10</td>\n",
       "      <td>27</td>\n",
       "    </tr>\n",
       "    <tr>\n",
       "      <th>12</th>\n",
       "      <td>4313</td>\n",
       "      <td>456317</td>\n",
       "      <td>18</td>\n",
       "      <td>25</td>\n",
       "    </tr>\n",
       "    <tr>\n",
       "      <th>13</th>\n",
       "      <td>3018</td>\n",
       "      <td>517291</td>\n",
       "      <td>13</td>\n",
       "      <td>23</td>\n",
       "    </tr>\n",
       "    <tr>\n",
       "      <th>14</th>\n",
       "      <td>4670</td>\n",
       "      <td>376962</td>\n",
       "      <td>15</td>\n",
       "      <td>25</td>\n",
       "    </tr>\n",
       "    <tr>\n",
       "      <th>15</th>\n",
       "      <td>3592</td>\n",
       "      <td>306374</td>\n",
       "      <td>19</td>\n",
       "      <td>39</td>\n",
       "    </tr>\n",
       "    <tr>\n",
       "      <th>16</th>\n",
       "      <td>2449</td>\n",
       "      <td>271375</td>\n",
       "      <td>10</td>\n",
       "      <td>29</td>\n",
       "    </tr>\n",
       "    <tr>\n",
       "      <th>17</th>\n",
       "      <td>2066</td>\n",
       "      <td>597136</td>\n",
       "      <td>11</td>\n",
       "      <td>39</td>\n",
       "    </tr>\n",
       "    <tr>\n",
       "      <th>18</th>\n",
       "      <td>4385</td>\n",
       "      <td>411554</td>\n",
       "      <td>10</td>\n",
       "      <td>27</td>\n",
       "    </tr>\n",
       "    <tr>\n",
       "      <th>19</th>\n",
       "      <td>3855</td>\n",
       "      <td>749858</td>\n",
       "      <td>15</td>\n",
       "      <td>30</td>\n",
       "    </tr>\n",
       "  </tbody>\n",
       "</table>\n",
       "</div>"
      ],
      "text/plain": [
       "    Area   Price  Rooms  Windows\n",
       "0   2295  543090     13       38\n",
       "1   3548  871291     11       22\n",
       "2   4766  569185     11       34\n",
       "3   4440  687177     16       39\n",
       "4   4611  717930     11       24\n",
       "5   3233  841766     14       20\n",
       "6   2542  714178     14       29\n",
       "7   2011  646889     17       31\n",
       "8   2001  502171     18       31\n",
       "9   4140  586802     10       38\n",
       "10  4624  852620     17       33\n",
       "11  2032  249546     10       27\n",
       "12  4313  456317     18       25\n",
       "13  3018  517291     13       23\n",
       "14  4670  376962     15       25\n",
       "15  3592  306374     19       39\n",
       "16  2449  271375     10       29\n",
       "17  2066  597136     11       39\n",
       "18  4385  411554     10       27\n",
       "19  3855  749858     15       30"
      ]
     },
     "execution_count": 1,
     "metadata": {},
     "output_type": "execute_result"
    }
   ],
   "source": [
    "#creating a dataframe\n",
    "\n",
    "import pandas as pd\n",
    "import numpy as np\n",
    "\n",
    "area = np.random.randint(low = 2000,high = 5000,size = 20)\n",
    "price = np.random.randint(low = 200000,high = 900000,size = 20)\n",
    "rooms = np.random.randint(low = 10,high = 20,size = 20)\n",
    "windows = np.random.randint(low = 20,high = 40,size = 20)   \n",
    "dict1 = {\n",
    "    \"Area\":area,\n",
    "    \"Price\":price,\n",
    "    \"Rooms\":rooms,\n",
    "    \"Windows\":windows\n",
    "    \n",
    "}\n",
    "df = pd.DataFrame(dict1)\n",
    "df"
   ]
  },
  {
   "cell_type": "code",
   "execution_count": 2,
   "metadata": {},
   "outputs": [],
   "source": [
    "#saving it to a csv file\n",
    "df.to_csv(\"price_data\")\n"
   ]
  },
  {
   "cell_type": "code",
   "execution_count": 3,
   "metadata": {},
   "outputs": [
    {
     "data": {
      "text/html": [
       "<div>\n",
       "<style scoped>\n",
       "    .dataframe tbody tr th:only-of-type {\n",
       "        vertical-align: middle;\n",
       "    }\n",
       "\n",
       "    .dataframe tbody tr th {\n",
       "        vertical-align: top;\n",
       "    }\n",
       "\n",
       "    .dataframe thead th {\n",
       "        text-align: right;\n",
       "    }\n",
       "</style>\n",
       "<table border=\"1\" class=\"dataframe\">\n",
       "  <thead>\n",
       "    <tr style=\"text-align: right;\">\n",
       "      <th></th>\n",
       "      <th>Area</th>\n",
       "      <th>Price</th>\n",
       "      <th>Rooms</th>\n",
       "    </tr>\n",
       "    <tr>\n",
       "      <th>Windows</th>\n",
       "      <th></th>\n",
       "      <th></th>\n",
       "      <th></th>\n",
       "    </tr>\n",
       "  </thead>\n",
       "  <tbody>\n",
       "    <tr>\n",
       "      <th>38</th>\n",
       "      <td>2295</td>\n",
       "      <td>543090</td>\n",
       "      <td>13</td>\n",
       "    </tr>\n",
       "    <tr>\n",
       "      <th>22</th>\n",
       "      <td>3548</td>\n",
       "      <td>871291</td>\n",
       "      <td>11</td>\n",
       "    </tr>\n",
       "    <tr>\n",
       "      <th>34</th>\n",
       "      <td>4766</td>\n",
       "      <td>569185</td>\n",
       "      <td>11</td>\n",
       "    </tr>\n",
       "    <tr>\n",
       "      <th>39</th>\n",
       "      <td>4440</td>\n",
       "      <td>687177</td>\n",
       "      <td>16</td>\n",
       "    </tr>\n",
       "    <tr>\n",
       "      <th>24</th>\n",
       "      <td>4611</td>\n",
       "      <td>717930</td>\n",
       "      <td>11</td>\n",
       "    </tr>\n",
       "    <tr>\n",
       "      <th>20</th>\n",
       "      <td>3233</td>\n",
       "      <td>841766</td>\n",
       "      <td>14</td>\n",
       "    </tr>\n",
       "    <tr>\n",
       "      <th>29</th>\n",
       "      <td>2542</td>\n",
       "      <td>714178</td>\n",
       "      <td>14</td>\n",
       "    </tr>\n",
       "    <tr>\n",
       "      <th>31</th>\n",
       "      <td>2011</td>\n",
       "      <td>646889</td>\n",
       "      <td>17</td>\n",
       "    </tr>\n",
       "    <tr>\n",
       "      <th>31</th>\n",
       "      <td>2001</td>\n",
       "      <td>502171</td>\n",
       "      <td>18</td>\n",
       "    </tr>\n",
       "    <tr>\n",
       "      <th>38</th>\n",
       "      <td>4140</td>\n",
       "      <td>586802</td>\n",
       "      <td>10</td>\n",
       "    </tr>\n",
       "    <tr>\n",
       "      <th>33</th>\n",
       "      <td>4624</td>\n",
       "      <td>852620</td>\n",
       "      <td>17</td>\n",
       "    </tr>\n",
       "    <tr>\n",
       "      <th>27</th>\n",
       "      <td>2032</td>\n",
       "      <td>249546</td>\n",
       "      <td>10</td>\n",
       "    </tr>\n",
       "    <tr>\n",
       "      <th>25</th>\n",
       "      <td>4313</td>\n",
       "      <td>456317</td>\n",
       "      <td>18</td>\n",
       "    </tr>\n",
       "    <tr>\n",
       "      <th>23</th>\n",
       "      <td>3018</td>\n",
       "      <td>517291</td>\n",
       "      <td>13</td>\n",
       "    </tr>\n",
       "    <tr>\n",
       "      <th>25</th>\n",
       "      <td>4670</td>\n",
       "      <td>376962</td>\n",
       "      <td>15</td>\n",
       "    </tr>\n",
       "    <tr>\n",
       "      <th>39</th>\n",
       "      <td>3592</td>\n",
       "      <td>306374</td>\n",
       "      <td>19</td>\n",
       "    </tr>\n",
       "    <tr>\n",
       "      <th>29</th>\n",
       "      <td>2449</td>\n",
       "      <td>271375</td>\n",
       "      <td>10</td>\n",
       "    </tr>\n",
       "    <tr>\n",
       "      <th>39</th>\n",
       "      <td>2066</td>\n",
       "      <td>597136</td>\n",
       "      <td>11</td>\n",
       "    </tr>\n",
       "    <tr>\n",
       "      <th>27</th>\n",
       "      <td>4385</td>\n",
       "      <td>411554</td>\n",
       "      <td>10</td>\n",
       "    </tr>\n",
       "    <tr>\n",
       "      <th>30</th>\n",
       "      <td>3855</td>\n",
       "      <td>749858</td>\n",
       "      <td>15</td>\n",
       "    </tr>\n",
       "  </tbody>\n",
       "</table>\n",
       "</div>"
      ],
      "text/plain": [
       "         Area   Price  Rooms\n",
       "Windows                     \n",
       "38       2295  543090     13\n",
       "22       3548  871291     11\n",
       "34       4766  569185     11\n",
       "39       4440  687177     16\n",
       "24       4611  717930     11\n",
       "20       3233  841766     14\n",
       "29       2542  714178     14\n",
       "31       2011  646889     17\n",
       "31       2001  502171     18\n",
       "38       4140  586802     10\n",
       "33       4624  852620     17\n",
       "27       2032  249546     10\n",
       "25       4313  456317     18\n",
       "23       3018  517291     13\n",
       "25       4670  376962     15\n",
       "39       3592  306374     19\n",
       "29       2449  271375     10\n",
       "39       2066  597136     11\n",
       "27       4385  411554     10\n",
       "30       3855  749858     15"
      ]
     },
     "execution_count": 3,
     "metadata": {},
     "output_type": "execute_result"
    }
   ],
   "source": [
    "df.set_index('Windows',inplace = True)\n",
    "df"
   ]
  },
  {
   "cell_type": "code",
   "execution_count": null,
   "metadata": {},
   "outputs": [],
   "source": []
  }
 ],
 "metadata": {
  "kernelspec": {
   "display_name": "Python 3",
   "language": "python",
   "name": "python3"
  },
  "language_info": {
   "codemirror_mode": {
    "name": "ipython",
    "version": 3
   },
   "file_extension": ".py",
   "mimetype": "text/x-python",
   "name": "python",
   "nbconvert_exporter": "python",
   "pygments_lexer": "ipython3",
   "version": "3.7.6"
  }
 },
 "nbformat": 4,
 "nbformat_minor": 4
}
